Iteration:  0
[0 2 2 ... 2 2 0] [4 2 0 ... 4 9 2]
Accuracy:  0.082
Iteration:  100
[4 8 0 ... 4 4 6] [4 2 0 ... 4 9 2]
Accuracy:  0.6991463414634146
Iteration:  200
[4 2 0 ... 4 9 6] [4 2 0 ... 4 9 2]
Accuracy:  0.8032682926829269
Iteration:  300
[4 2 2 ... 4 9 6] [4 2 0 ... 4 9 2]
Accuracy:  0.8507073170731707
Iteration:  400
[4 2 0 ... 4 9 6] [4 2 0 ... 4 9 2]
Accuracy:  0.8726829268292683
Iteration:  500
[4 2 0 ... 4 9 6] [4 2 0 ... 4 9 2]
Accuracy:  0.8862926829268293
Iteration:  600
[4 2 0 ... 4 9 6] [4 2 0 ... 4 9 2]
Accuracy:  0.8962439024390244
Iteration:  700
[4 2 0 ... 4 9 6] [4 2 0 ... 4 9 2]
Accuracy:  0.9048048780487805
Iteration:  800
[4 2 0 ... 4 9 6] [4 2 0 ... 4 9 2]
Accuracy:  0.9097073170731708
Iteration:  900
[4 2 0 ... 4 9 6] [4 2 0 ... 4 9 2]
Accuracy:  0.9140731707317074
